0.001070 0.000000 -4.999000 0.000000 
0.001289 0.000000 -4.619458 0.000000 
0.001553 0.000000 -4.239917 0.000000 
0.001871 0.000000 -3.860375 0.000000 
0.002254 0.000000 -3.480833 0.000000 
0.002715 0.000000 -3.101291 0.000000 
0.003272 0.000000 -2.721750 0.000000 
0.003942 0.000000 -2.342208 0.000000 
0.004749 0.000000 -1.962666 0.000000 
0.005722 0.000000 -1.583125 0.000000 
0.006894 0.000000 -1.203583 0.000000 
0.008306 0.000000 -0.824041 0.000000 
0.010008 0.000000 -0.444499 0.000000 
0.012058 0.000000 -0.064958 0.000000 
0.014528 0.000000 0.314584 0.000000 
0.017503 0.000000 0.694126 0.000000 
0.021089 0.000000 1.073667 0.000000 
0.025408 0.000000 1.453209 0.000000 
0.030613 0.000000 1.832751 0.000000 
0.036884 0.000000 2.212293 0.000000 
0.044439 0.000000 2.591834 0.000000 
0.053541 0.000000 2.971376 0.000000 
0.064509 0.000000 3.350918 0.000000 
0.077722 0.000103 3.730459 0.000000 
0.093642 2.483005 4.110001 0.000000 
0.112824 45.227410 4.489543 0.000000 
0.135934 0.001869 4.869085 0.000000 
0.163778 0.000000 5.248626 0.000000 
0.197326 0.000000 5.628168 0.000000 
0.237746 0.000000 6.007710 0.000000 
0.286444 0.000000 6.387251 0.000000 
0.345118 0.000000 6.766793 0.000000 
0.415811 0.000000 7.146335 0.000000 
0.500984 0.000000 7.525877 0.000000 
0.603604 0.000000 7.905418 0.000000 
0.727243 0.000000 8.284960 0.000000 
0.876209 0.000000 8.664502 0.000000 
1.055688 0.000000 9.044044 0.000000 
1.271930 0.000000 9.423585 0.000000 
1.532467 0.000000 9.803127 0.000000 
1.846372 0.000000 10.182669 0.000000 
2.224575 0.000000 10.562210 0.000000 
2.680248 0.000000 10.941752 0.000000 
3.229259 0.000000 11.321294 0.000000 
3.890727 0.000000 11.700836 0.000000 
4.687687 0.000000 12.080377 0.000000 
5.647893 0.000000 12.459919 0.000000 
6.804785 0.000000 12.839461 0.000000 
8.198649 0.000000 13.219002 0.000000 
9.878026 0.000000 13.598544 0.000000 
